0.000000000000000000e+00 2.449293598294706414e-16
5.000000000000000104e-03 3.141075907812835438e-02
1.000000000000000021e-02 6.279051952931326286e-02
1.499999999999999944e-02 9.410831331851492176e-02
2.000000000000000042e-02 1.253332335643046747e-01
2.500000000000000139e-02 1.564344650402311188e-01
2.999999999999999889e-02 1.873813145857246842e-01
3.500000000000000333e-02 2.181432413965433137e-01
4.000000000000000083e-02 2.486898871648553500e-01
4.499999999999999833e-02 2.789911060392296083e-01
5.000000000000000278e-02 3.090169943749476178e-01
5.500000000000000028e-02 3.387379202452922566e-01
5.999999999999999778e-02 3.681245526846786409e-01
6.500000000000000222e-02 3.971478906347802873e-01
7.000000000000000666e-02 4.257792915650729926e-01
7.499999999999999722e-02 4.539904997395469710e-01
8.000000000000000167e-02 4.817536741017153235e-01
8.500000000000000611e-02 5.090414157503712067e-01
8.999999999999999667e-02 5.358267949789963236e-01
9.500000000000000111e-02 5.620833778521309165e-01
1.000000000000000056e-01 5.877852522924732481e-01
1.049999999999999961e-01 6.129070536529764857e-01
1.100000000000000006e-01 6.374239897486896345e-01
1.150000000000000050e-01 6.613118653236522704e-01
1.199999999999999956e-01 6.845471059286889481e-01
1.250000000000000000e-01 7.071067811865476838e-01
1.300000000000000044e-01 7.289686274214115524e-01
1.350000000000000089e-01 7.501110696304594816e-01
1.400000000000000133e-01 7.705132427757895863e-01
1.449999999999999900e-01 7.901550123756906352e-01
1.499999999999999944e-01 8.090169943749475623e-01
1.549999999999999989e-01 8.270805742745618305e-01
1.600000000000000033e-01 8.443279255020155194e-01
1.650000000000000078e-01 8.607420270039439769e-01
1.700000000000000122e-01 8.763066800438638060e-01
1.750000000000000167e-01 8.910065241883678988e-01
1.799999999999999933e-01 9.048270524660195768e-01
1.849999999999999978e-01 9.177546256839814731e-01
1.900000000000000022e-01 9.297764858882512362e-01
1.950000000000000067e-01 9.408807689542255659e-01
2.000000000000000111e-01 9.510565162951536422e-01
2.050000000000000155e-01 9.602936856769432872e-01
2.099999999999999922e-01 9.685831611286310761e-01
2.149999999999999967e-01 9.759167619387473236e-01
2.200000000000000011e-01 9.822872507286887211e-01
2.250000000000000056e-01 9.876883405951377704e-01
2.300000000000000100e-01 9.921147013144778759e-01
2.350000000000000144e-01 9.955619646030799963e-01
2.399999999999999911e-01 9.980267284282715590e-01
2.449999999999999956e-01 9.995065603657316000e-01
2.500000000000000000e-01 1.000000000000000000e+00
2.550000000000000044e-01 9.995065603657316000e-01
2.600000000000000089e-01 9.980267284282715590e-01
2.650000000000000133e-01 9.955619646030799963e-01
2.700000000000000178e-01 9.921147013144777649e-01
2.750000000000000222e-01 9.876883405951376593e-01
2.800000000000000266e-01 9.822872507286887211e-01
2.850000000000000311e-01 9.759167619387472126e-01
2.899999999999999800e-01 9.685831611286309650e-01
2.949999999999999845e-01 9.602936856769431762e-01
2.999999999999999889e-01 9.510565162951535312e-01
3.049999999999999933e-01 9.408807689542254549e-01
3.099999999999999978e-01 9.297764858882511252e-01
3.150000000000000022e-01 9.177546256839812511e-01
3.200000000000000067e-01 9.048270524660193548e-01
3.250000000000000111e-01 8.910065241883677878e-01
3.300000000000000155e-01 8.763066800438631399e-01
3.350000000000000200e-01 8.607420270039437549e-01
3.400000000000000244e-01 8.443279255020147422e-01
3.450000000000000289e-01 8.270805742745616085e-01
3.500000000000000333e-01 8.090169943749467851e-01
3.549999999999999822e-01 7.901550123756904132e-01
3.599999999999999867e-01 7.705132427757893643e-01
3.649999999999999911e-01 7.501110696304594816e-01
3.699999999999999956e-01 7.289686274214113304e-01
3.750000000000000000e-01 7.071067811865473507e-01
3.800000000000000044e-01 6.845471059286887261e-01
3.850000000000000089e-01 6.613118653236517153e-01
3.900000000000000133e-01 6.374239897486896345e-01
3.950000000000000178e-01 6.129070536529762636e-01
4.000000000000000222e-01 5.877852522924730261e-01
4.050000000000000266e-01 5.620833778521302504e-01
4.100000000000000311e-01 5.358267949789964346e-01
4.150000000000000355e-01 5.090414157503708736e-01
4.199999999999999845e-01 4.817536741017153790e-01
4.249999999999999889e-01 4.539904997395463049e-01
4.299999999999999933e-01 4.257792915650727150e-01
4.349999999999999978e-01 3.971478906347800097e-01
4.400000000000000022e-01 3.681245526846783633e-01
4.450000000000000067e-01 3.387379202452910909e-01
4.500000000000000111e-01 3.090169943749477288e-01
4.550000000000000155e-01 2.789911060392288866e-01
4.600000000000000200e-01 2.486898871648550169e-01
4.650000000000000244e-01 2.181432413965420924e-01
4.700000000000000289e-01 1.873813145857247675e-01
4.750000000000000333e-01 1.564344650402303138e-01
4.799999999999999822e-01 1.253332335643043138e-01
4.849999999999999867e-01 9.410831331851410297e-02
4.899999999999999911e-01 6.279051952931333225e-02
4.949999999999999956e-01 3.141075907812799356e-02
5.000000000000000000e-01 -1.224646799147353207e-16
5.050000000000000044e-01 -3.141075907812824336e-02
5.100000000000000089e-01 -6.279051952931358205e-02
5.150000000000000133e-01 -9.410831331851435277e-02
5.200000000000000178e-01 -1.253332335643045359e-01
5.250000000000000222e-01 -1.564344650402309800e-01
5.300000000000000266e-01 -1.873813145857249896e-01
5.350000000000000311e-01 -2.181432413965427308e-01
5.400000000000000355e-01 -2.486898871648552389e-01
5.450000000000000400e-01 -2.789911060392294972e-01
5.500000000000000444e-01 -3.090169943749479509e-01
5.550000000000000488e-01 -3.387379202452917015e-01
5.600000000000000533e-01 -3.681245526846785299e-01
5.650000000000000577e-01 -3.971478906347810089e-01
5.700000000000000622e-01 -4.257792915650728816e-01
5.750000000000000666e-01 -4.539904997395472486e-01
5.799999999999999600e-01 -4.817536741017152124e-01
5.849999999999999645e-01 -5.090414157503710957e-01
5.899999999999999689e-01 -5.358267949789966567e-01
5.949999999999999734e-01 -5.620833778521304724e-01
5.999999999999999778e-01 -5.877852522924732481e-01
6.049999999999999822e-01 -6.129070536529763746e-01
6.099999999999999867e-01 -6.374239897486898565e-01
6.149999999999999911e-01 -6.613118653236518263e-01
6.199999999999999956e-01 -6.845471059286888371e-01
6.250000000000000000e-01 -7.071067811865475727e-01
6.300000000000000044e-01 -7.289686274214115524e-01
6.350000000000000089e-01 -7.501110696304597036e-01
6.400000000000000133e-01 -7.705132427757892533e-01
6.450000000000000178e-01 -7.901550123756905242e-01
6.500000000000000222e-01 -8.090169943749474513e-01
6.550000000000000266e-01 -8.270805742745620526e-01
6.600000000000000311e-01 -8.443279255020151863e-01
6.650000000000000355e-01 -8.607420270039438659e-01
6.700000000000000400e-01 -8.763066800438636950e-01
6.750000000000000444e-01 -8.910065241883681209e-01
6.800000000000000488e-01 -9.048270524660196878e-01
6.850000000000000533e-01 -9.177546256839812511e-01
6.900000000000000577e-01 -9.297764858882515693e-01
6.950000000000000622e-01 -9.408807689542256769e-01
7.000000000000000666e-01 -9.510565162951537532e-01
7.049999999999999600e-01 -9.602936856769430651e-01
7.099999999999999645e-01 -9.685831611286310761e-01
7.149999999999999689e-01 -9.759167619387474346e-01
7.199999999999999734e-01 -9.822872507286886101e-01
7.249999999999999778e-01 -9.876883405951376593e-01
7.299999999999999822e-01 -9.921147013144777649e-01
7.349999999999999867e-01 -9.955619646030799963e-01
7.399999999999999911e-01 -9.980267284282715590e-01
7.449999999999999956e-01 -9.995065603657316000e-01
7.500000000000000000e-01 -1.000000000000000000e+00
7.550000000000000044e-01 -9.995065603657316000e-01
7.600000000000000089e-01 -9.980267284282715590e-01
7.650000000000000133e-01 -9.955619646030799963e-01
7.700000000000000178e-01 -9.921147013144777649e-01
7.750000000000000222e-01 -9.876883405951376593e-01
7.800000000000000266e-01 -9.822872507286886101e-01
7.850000000000000311e-01 -9.759167619387473236e-01
7.900000000000000355e-01 -9.685831611286310761e-01
7.950000000000000400e-01 -9.602936856769429541e-01
8.000000000000000444e-01 -9.510565162951535312e-01
8.050000000000000488e-01 -9.408807689542253438e-01
8.100000000000000533e-01 -9.297764858882512362e-01
8.150000000000000577e-01 -9.177546256839810290e-01
8.200000000000000622e-01 -9.048270524660193548e-01
8.250000000000000666e-01 -8.910065241883676768e-01
8.300000000000000711e-01 -8.763066800438633619e-01
8.349999999999999645e-01 -8.607420270039436438e-01
8.399999999999999689e-01 -8.443279255020150753e-01
8.449999999999999734e-01 -8.270805742745618305e-01
8.499999999999999778e-01 -8.090169943749474513e-01
8.549999999999999822e-01 -7.901550123756904132e-01
8.599999999999999867e-01 -7.705132427757892533e-01
8.649999999999999911e-01 -7.501110696304595926e-01
8.699999999999999956e-01 -7.289686274214115524e-01
8.750000000000000000e-01 -7.071067811865474617e-01
8.800000000000000044e-01 -6.845471059286886151e-01
8.850000000000000089e-01 -6.613118653236518263e-01
8.900000000000000133e-01 -6.374239897486896345e-01
8.950000000000000178e-01 -6.129070536529763746e-01
9.000000000000000222e-01 -5.877852522924730261e-01
9.050000000000000266e-01 -5.620833778521304724e-01
9.100000000000000311e-01 -5.358267949789964346e-01
9.150000000000000355e-01 -5.090414157503710957e-01
9.200000000000000400e-01 -4.817536741017149904e-01
9.250000000000000444e-01 -4.539904997395465269e-01
9.300000000000000488e-01 -4.257792915650723264e-01
9.350000000000000533e-01 -3.971478906347802873e-01
9.400000000000000577e-01 -3.681245526846776417e-01
9.450000000000000622e-01 -3.387379202452909799e-01
9.500000000000000666e-01 -3.090169943749470072e-01
9.550000000000000711e-01 -2.789911060392288311e-01
9.599999999999999645e-01 -2.486898871648550169e-01
9.649999999999999689e-01 -2.181432413965427308e-01
9.699999999999999734e-01 -1.873813145857247675e-01
9.749999999999999778e-01 -1.564344650402310077e-01
9.799999999999999822e-01 -1.253332335643043693e-01
9.849999999999999867e-01 -9.410831331851439441e-02
9.899999999999999911e-01 -6.279051952931342939e-02
9.949999999999999956e-01 -3.141075907812831969e-02
1.000000000000000000e+00 0.000000000000000000e+00
