0.000000000000000000e+00 -8.129298050931887260e-05
5.000000000000000104e-03 3.101888208035786382e-02
1.000000000000000021e-02 6.208844524956674826e-02
1.499999999999999944e-02 9.309673461934314664e-02
2.000000000000000042e-02 1.240131487517552311e-01
2.500000000000000139e-02 1.548071768786382085e-01
2.999999999999999889e-02 1.854484290120389234e-01
3.500000000000000333e-02 2.159066659354649254e-01
4.000000000000000083e-02 2.461518290463402259e-01
4.499999999999999833e-02 2.761540700202173571e-01
5.000000000000000278e-02 3.058837802674694295e-01
5.500000000000000028e-02 3.353116201533938856e-01
5.999999999999999778e-02 3.644085479528894056e-01
6.500000000000000222e-02 3.931458485111326007e-01
7.000000000000000666e-02 4.214951615819688135e-01
7.499999999999999722e-02 4.494285098160511471e-01
8.000000000000000167e-02 4.769183263711065379e-01
8.500000000000000611e-02 5.039374821170810037e-01
8.999999999999999667e-02 5.304593124093154310e-01
9.500000000000000111e-02 5.564576434033307040e-01
1.000000000000000056e-01 5.819068178852525586e-01
1.049999999999999961e-01 6.067817205923831114e-01
1.100000000000000006e-01 6.310578029989338811e-01
1.150000000000000050e-01 6.547111075424565385e-01
1.199999999999999956e-01 6.777182912670647319e-01
1.250000000000000000e-01 7.000566488601132065e-01
1.300000000000000044e-01 7.217041350596002935e-01
1.350000000000000089e-01 7.426393864101797915e-01
1.400000000000000133e-01 7.628417423463119684e-01
1.449999999999999900e-01 7.822912655817479965e-01
1.499999999999999944e-01 8.009687617852239150e-01
1.549999999999999989e-01 8.188557985229483194e-01
1.600000000000000033e-01 8.359347234491892875e-01
1.650000000000000078e-01 8.521886817270081238e-01
1.700000000000000122e-01 8.676016326619488961e-01
1.750000000000000167e-01 8.821583655322667861e-01
1.799999999999999933e-01 8.958445146000744153e-01
1.849999999999999978e-01 9.086465732885905533e-01
1.900000000000000022e-01 9.205519075115012884e-01
1.950000000000000067e-01 9.315487681412768506e-01
2.000000000000000111e-01 9.416263026041427064e-01
2.050000000000000155e-01 9.507745655902594129e-01
2.099999999999999922e-01 9.589845288685431290e-01
2.149999999999999967e-01 9.662480901964385360e-01
2.200000000000000011e-01 9.725580813158560822e-01
2.250000000000000056e-01 9.779082750273747626e-01
2.300000000000000100e-01 9.822933913357384528e-01
2.350000000000000144e-01 9.857091026605722117e-01
2.399999999999999911e-01 9.881520381071821069e-01
2.449999999999999956e-01 9.896197867932217118e-01
2.500000000000000000e-01 9.901109002279413485e-01
2.550000000000000044e-01 9.896248937416735059e-01
2.600000000000000089e-01 9.881622469641440087e-01
2.650000000000000133e-01 9.857244033511345371e-01
2.700000000000000178e-01 9.823137687599670098e-01
2.750000000000000222e-01 9.779337090752118211e-01
2.800000000000000266e-01 9.725885468869668316e-01
2.850000000000000311e-01 9.662835572249826033e-01
2.899999999999999800e-01 9.590249623528449563e-01
2.949999999999999845e-01 9.508199256273520694e-01
2.999999999999999889e-01 9.416765444291458342e-01
3.049999999999999933e-01 9.316038421715747697e-01
3.099999999999999978e-01 9.206117593956754108e-01
3.150000000000000022e-01 9.087111439600571439e-01
3.200000000000000067e-01 8.959137403353764073e-01
3.250000000000000111e-01 8.822321780139612546e-01
3.300000000000000155e-01 8.676799590460280154e-01
3.350000000000000200e-01 8.522714447147872185e-01
3.400000000000000244e-01 8.360218413635914780e-01
3.450000000000000289e-01 8.189471853891101549e-01
3.500000000000000333e-01 8.010643274153415039e-01
3.549999999999999822e-01 7.823909156640822538e-01
3.599999999999999867e-01 7.629453785382623865e-01
3.649999999999999911e-01 7.427469064353371397e-01
3.699999999999999956e-01 7.218154328086809901e-01
3.750000000000000000e-01 7.001716144956758869e-01
3.800000000000000044e-01 6.778368113319072075e-01
3.850000000000000089e-01 6.548330650715836754e-01
3.900000000000000133e-01 6.311830776349887095e-01
3.950000000000000178e-01 6.069101887044243693e-01
4.000000000000000222e-01 5.820383526907638716e-01
4.050000000000000266e-01 5.565921150933393902e-01
4.100000000000000311e-01 5.305965882764982489e-01
4.150000000000000355e-01 5.040774266867307229e-01
4.199999999999999845e-01 4.770608015348284936e-01
4.249999999999999889e-01 4.495733749680600466e-01
4.299999999999999933e-01 4.216422737578495172e-01
4.349999999999999978e-01 3.932950625289287627e-01
4.400000000000000022e-01 3.645597165563801978e-01
4.450000000000000067e-01 3.354645941574183610e-01
4.500000000000000111e-01 3.060384087051544744e-01
4.550000000000000155e-01 2.763102002919633482e-01
4.600000000000000200e-01 2.463093070704188980e-01
4.650000000000000244e-01 2.160653363000789029e-01
4.700000000000000289e-01 1.856081351286948955e-01
4.750000000000000333e-01 1.549677611366806207e-01
4.799999999999999822e-01 1.241744526739090165e-01
4.849999999999999867e-01 9.325859901811160702e-02
4.899999999999999911e-01 6.225071038433042936e-02
4.949999999999999956e-01 3.118138781501927220e-02
5.000000000000000000e-01 8.129298050926336144e-05
5.050000000000000044e-01 -3.101888208035789157e-02
5.100000000000000089e-01 -6.208844524956675520e-02
5.150000000000000133e-01 -9.309673461934314664e-02
5.200000000000000178e-01 -1.240131487517552311e-01
5.250000000000000222e-01 -1.548071768786382640e-01
5.300000000000000266e-01 -1.854484290120389789e-01
5.350000000000000311e-01 -2.159066659354649809e-01
5.400000000000000355e-01 -2.461518290463403369e-01
5.450000000000000400e-01 -2.761540700202174681e-01
5.500000000000000444e-01 -3.058837802674695405e-01
5.550000000000000488e-01 -3.353116201533939411e-01
5.600000000000000533e-01 -3.644085479528894611e-01
5.650000000000000577e-01 -3.931458485111326562e-01
5.700000000000000622e-01 -4.214951615819688135e-01
5.750000000000000666e-01 -4.494285098160511471e-01
5.799999999999999600e-01 -4.769183263711065379e-01
5.849999999999999645e-01 -5.039374821170810037e-01
5.899999999999999689e-01 -5.304593124093154310e-01
5.949999999999999734e-01 -5.564576434033307040e-01
5.999999999999999778e-01 -5.819068178852525586e-01
6.049999999999999822e-01 -6.067817205923831114e-01
6.099999999999999867e-01 -6.310578029989338811e-01
6.149999999999999911e-01 -6.547111075424565385e-01
6.199999999999999956e-01 -6.777182912670647319e-01
6.250000000000000000e-01 -7.000566488601132065e-01
6.300000000000000044e-01 -7.217041350596002935e-01
6.350000000000000089e-01 -7.426393864101797915e-01
6.400000000000000133e-01 -7.628417423463119684e-01
6.450000000000000178e-01 -7.822912655817479965e-01
6.500000000000000222e-01 -8.009687617852239150e-01
6.550000000000000266e-01 -8.188557985229483194e-01
6.600000000000000311e-01 -8.359347234491892875e-01
6.650000000000000355e-01 -8.521886817270082348e-01
6.700000000000000400e-01 -8.676016326619490071e-01
6.750000000000000444e-01 -8.821583655322668971e-01
6.800000000000000488e-01 -8.958445146000745263e-01
6.850000000000000533e-01 -9.086465732885906643e-01
6.900000000000000577e-01 -9.205519075115013994e-01
6.950000000000000622e-01 -9.315487681412769616e-01
7.000000000000000666e-01 -9.416263026041427064e-01
7.049999999999999600e-01 -9.507745655902594129e-01
7.099999999999999645e-01 -9.589845288685431290e-01
7.149999999999999689e-01 -9.662480901964385360e-01
7.199999999999999734e-01 -9.725580813158560822e-01
7.249999999999999778e-01 -9.779082750273747626e-01
7.299999999999999822e-01 -9.822933913357384528e-01
7.349999999999999867e-01 -9.857091026605722117e-01
7.399999999999999911e-01 -9.881520381071821069e-01
7.449999999999999956e-01 -9.896197867932217118e-01
7.500000000000000000e-01 -9.901109002279413485e-01
7.550000000000000044e-01 -9.896248937416735059e-01
7.600000000000000089e-01 -9.881622469641440087e-01
7.650000000000000133e-01 -9.857244033511345371e-01
7.700000000000000178e-01 -9.823137687599670098e-01
7.750000000000000222e-01 -9.779337090752118211e-01
7.800000000000000266e-01 -9.725885468869668316e-01
7.850000000000000311e-01 -9.662835572249826033e-01
7.900000000000000355e-01 -9.590249623528449563e-01
7.950000000000000400e-01 -9.508199256273520694e-01
8.000000000000000444e-01 -9.416765444291458342e-01
8.050000000000000488e-01 -9.316038421715748807e-01
8.100000000000000533e-01 -9.206117593956755218e-01
8.150000000000000577e-01 -9.087111439600572549e-01
8.200000000000000622e-01 -8.959137403353765183e-01
8.250000000000000666e-01 -8.822321780139613656e-01
8.300000000000000711e-01 -8.676799590460281264e-01
8.349999999999999645e-01 -8.522714447147873296e-01
8.399999999999999689e-01 -8.360218413635915891e-01
8.449999999999999734e-01 -8.189471853891102660e-01
8.499999999999999778e-01 -8.010643274153416149e-01
8.549999999999999822e-01 -7.823909156640823648e-01
8.599999999999999867e-01 -7.629453785382624975e-01
8.649999999999999911e-01 -7.427469064353372508e-01
8.699999999999999956e-01 -7.218154328086811011e-01
8.750000000000000000e-01 -7.001716144956759980e-01
8.800000000000000044e-01 -6.778368113319073185e-01
8.850000000000000089e-01 -6.548330650715837864e-01
8.900000000000000133e-01 -6.311830776349887095e-01
8.950000000000000178e-01 -6.069101887044242583e-01
9.000000000000000222e-01 -5.820383526907637606e-01
9.050000000000000266e-01 -5.565921150933392791e-01
9.100000000000000311e-01 -5.305965882764981378e-01
9.150000000000000355e-01 -5.040774266867306119e-01
9.200000000000000400e-01 -4.770608015348284381e-01
9.250000000000000444e-01 -4.495733749680600466e-01
9.300000000000000488e-01 -4.216422737578495172e-01
9.350000000000000533e-01 -3.932950625289287627e-01
9.400000000000000577e-01 -3.645597165563801978e-01
9.450000000000000622e-01 -3.354645941574183610e-01
9.500000000000000666e-01 -3.060384087051544744e-01
9.550000000000000711e-01 -2.763102002919633482e-01
9.599999999999999645e-01 -2.463093070704188980e-01
9.649999999999999689e-01 -2.160653363000789584e-01
9.699999999999999734e-01 -1.856081351286950065e-01
9.749999999999999778e-01 -1.549677611366807595e-01
9.799999999999999822e-01 -1.241744526739091553e-01
9.849999999999999867e-01 -9.325859901811173192e-02
9.899999999999999911e-01 -6.225071038433054038e-02
9.949999999999999956e-01 -3.118138781501935894e-02
1.000000000000000000e+00 -2.496531088772384332e-02
